 0.0000E+00   0.8000E+01   0.1000E+01   0.1000E+02   0.8225E+00   0.2700E+03   0.2559E+01   0.0000E+00   0.0000E+00   0.0000E+00   0.3490E+00   0.1021E+02  
 0.1905E+03   0.7905E+01   0.9972E+00   0.1000E+02   0.8225E+00   0.2700E+03   0.2559E+01   0.0000E+00   0.2427E-04   0.4147E-04   0.3506E+00   0.1021E+02  
 0.3810E+03   0.7810E+01   0.9942E+00   0.1000E+02   0.8225E+00   0.2700E+03   0.2559E+01   0.0000E+00   0.2449E-04   0.8416E-04   0.3522E+00   0.1021E+02  
 0.5714E+03   0.7714E+01   0.9912E+00   0.1000E+02   0.8225E+00   0.2700E+03   0.2559E+01   0.0000E+00   0.2471E-04   0.1283E-03   0.3538E+00   0.1021E+02  
 0.7619E+03   0.7619E+01   0.9881E+00   0.1000E+02   0.8225E+00   0.2700E+03   0.2559E+01   0.0000E+00   0.2494E-04   0.1741E-03   0.3554E+00   0.1021E+02  
 0.9524E+03   0.7524E+01   0.9850E+00   0.1000E+02   0.8224E+00   0.2700E+03   0.2559E+01   0.0000E+00   0.2517E-04   0.2217E-03   0.3571E+00   0.1021E+02  
 0.1143E+04   0.7429E+01   0.9818E+00   0.1000E+02   0.8224E+00   0.2700E+03   0.2559E+01   0.0000E+00   0.2540E-04   0.2710E-03   0.3587E+00   0.1020E+02  
 0.1333E+04   0.7334E+01   0.9786E+00   0.1000E+02   0.8224E+00   0.2700E+03   0.2559E+01   0.0000E+00   0.2564E-04   0.3221E-03   0.3603E+00   0.1020E+02  
 0.1524E+04   0.7238E+01   0.9753E+00   0.1000E+02   0.8224E+00   0.2700E+03   0.2559E+01   0.0000E+00   0.2587E-04   0.3753E-03   0.3620E+00   0.1020E+02  
 0.1714E+04   0.7143E+01   0.9719E+00   0.1000E+02   0.8224E+00   0.2700E+03   0.2559E+01   0.0000E+00   0.2611E-04   0.4305E-03   0.3637E+00   0.1020E+02  
 0.1905E+04   0.7048E+01   0.9685E+00   0.1000E+02   0.8224E+00   0.2700E+03   0.2559E+01   0.0000E+00   0.2636E-04   0.4878E-03   0.3654E+00   0.1020E+02  
 0.2095E+04   0.6953E+01   0.9650E+00   0.1000E+02   0.8224E+00   0.2700E+03   0.2559E+01   0.0000E+00   0.2660E-04   0.5474E-03   0.3671E+00   0.1020E+02  
 0.2286E+04   0.6858E+01   0.9614E+00   0.1000E+02   0.8224E+00   0.2700E+03   0.2559E+01   0.0000E+00   0.2685E-04   0.6093E-03   0.3688E+00   0.1020E+02  
 0.2476E+04   0.6763E+01   0.9578E+00   0.1000E+02   0.8224E+00   0.2700E+03   0.2559E+01   0.0000E+00   0.2710E-04   0.6737E-03   0.3705E+00   0.1020E+02  
 0.2667E+04   0.6667E+01   0.9541E+00   0.1000E+02   0.8224E+00   0.2700E+03   0.2559E+01   0.0000E+00   0.2735E-04   0.7406E-03   0.3722E+00   0.1020E+02  
 0.2857E+04   0.6572E+01   0.9503E+00   0.1000E+02   0.8224E+00   0.2700E+03   0.2559E+01   0.0000E+00   0.2761E-04   0.8103E-03   0.3740E+00   0.1020E+02  
 0.3048E+04   0.6477E+01   0.9465E+00   0.1000E+02   0.8224E+00   0.2700E+03   0.2559E+01   0.0000E+00   0.2787E-04   0.8827E-03   0.3757E+00   0.1020E+02  
 0.3238E+04   0.6382E+01   0.9426E+00   0.1000E+02   0.8224E+00   0.2700E+03   0.2559E+01   0.0000E+00   0.2813E-04   0.9581E-03   0.3775E+00   0.1020E+02  
 0.3429E+04   0.6287E+01   0.9385E+00   0.1000E+02   0.8224E+00   0.2700E+03   0.2559E+01   0.0000E+00   0.2839E-04   0.1037E-02   0.3792E+00   0.1020E+02  
 0.3619E+04   0.6192E+01   0.9344E+00   0.1000E+02   0.8224E+00   0.2700E+03   0.2559E+01   0.0000E+00   0.2866E-04   0.1118E-02   0.3810E+00   0.1020E+02  
 0.3810E+04   0.6096E+01   0.9303E+00   0.1000E+02   0.8224E+00   0.2700E+03   0.2559E+01   0.0000E+00   0.2893E-04   0.1204E-02   0.3828E+00   0.1020E+02  
 0.4000E+04   0.6001E+01   0.9260E+00   0.1001E+02   0.8224E+00   0.2700E+03   0.2558E+01   0.0000E+00   0.2920E-04   0.1292E-02   0.3846E+00   0.1020E+02  
 0.4190E+04   0.5906E+01   0.9216E+00   0.1001E+02   0.8224E+00   0.2700E+03   0.2559E+01   0.0000E+00   0.2948E-04   0.1385E-02   0.3864E+00   0.1020E+02  
 0.4381E+04   0.5811E+01   0.9171E+00   0.1001E+02   0.8224E+00   0.2700E+03   0.2558E+01   0.0000E+00   0.2975E-04   0.1481E-02   0.3882E+00   0.1020E+02  
 0.4571E+04   0.5716E+01   0.9125E+00   0.1001E+02   0.8224E+00   0.2700E+03   0.2558E+01   0.0000E+00   0.3003E-04   0.1582E-02   0.3900E+00   0.1020E+02  
 0.4762E+04   0.5621E+01   0.9079E+00   0.1001E+02   0.8224E+00   0.2700E+03   0.2559E+01   0.0000E+00   0.3031E-04   0.1687E-02   0.3918E+00   0.1020E+02  
 0.4952E+04   0.5526E+01   0.9031E+00   0.1001E+02   0.8224E+00   0.2700E+03   0.2558E+01   0.0000E+00   0.3059E-04   0.1797E-02   0.3936E+00   0.1020E+02  
 0.5143E+04   0.5430E+01   0.8981E+00   0.1001E+02   0.8223E+00   0.2700E+03   0.2558E+01   0.0000E+00   0.3088E-04   0.1911E-02   0.3955E+00   0.1020E+02  
 0.5333E+04   0.5335E+01   0.8931E+00   0.1001E+02   0.8223E+00   0.2700E+03   0.2558E+01   0.0000E+00   0.3116E-04   0.2031E-02   0.3973E+00   0.1020E+02  
 0.5524E+04   0.5240E+01   0.8880E+00   0.1001E+02   0.8223E+00   0.2700E+03   0.2558E+01   0.0000E+00   0.3145E-04   0.2156E-02   0.3991E+00   0.1020E+02  
 0.5714E+04   0.5145E+01   0.8827E+00   0.1001E+02   0.8223E+00   0.2700E+03   0.2558E+01   0.0000E+00   0.3174E-04   0.2287E-02   0.4010E+00   0.1020E+02  
 0.5905E+04   0.5050E+01   0.8772E+00   0.1001E+02   0.8223E+00   0.2700E+03   0.2558E+01   0.0000E+00   0.3203E-04   0.2424E-02   0.4028E+00   0.1019E+02  
 0.6095E+04   0.4955E+01   0.8717E+00   0.1001E+02   0.8223E+00   0.2700E+03   0.2558E+01   0.0000E+00   0.3232E-04   0.2567E-02   0.4046E+00   0.1019E+02  
 0.6286E+04   0.4860E+01   0.8659E+00   0.1001E+02   0.8223E+00   0.2700E+03   0.2558E+01   0.0000E+00   0.3261E-04   0.2717E-02   0.4064E+00   0.1019E+02  
 0.6476E+04   0.4765E+01   0.8601E+00   0.1001E+02   0.8223E+00   0.2700E+03   0.2558E+01   0.0000E+00   0.3290E-04   0.2874E-02   0.4082E+00   0.1019E+02  
 0.6667E+04   0.4670E+01   0.8540E+00   0.1001E+02   0.8223E+00   0.2700E+03   0.2558E+01   0.0000E+00   0.3320E-04   0.3039E-02   0.4101E+00   0.1019E+02  
 0.6857E+04   0.4575E+01   0.8478E+00   0.1001E+02   0.8223E+00   0.2700E+03   0.2558E+01   0.0000E+00   0.3349E-04   0.3212E-02   0.4118E+00   0.1019E+02  
 0.7048E+04   0.4480E+01   0.8414E+00   0.1001E+02   0.8223E+00   0.2700E+03   0.2558E+01   0.0000E+00   0.3378E-04   0.3393E-02   0.4136E+00   0.1019E+02  
 0.7238E+04   0.4385E+01   0.8349E+00   0.1001E+02   0.8223E+00   0.2700E+03   0.2558E+01   0.0000E+00   0.3407E-04   0.3583E-02   0.4154E+00   0.1019E+02  
 0.7429E+04   0.4289E+01   0.8281E+00   0.1001E+02   0.8223E+00   0.2700E+03   0.2558E+01   0.0000E+00   0.3435E-04   0.3783E-02   0.4171E+00   0.1019E+02  
 0.7619E+04   0.4194E+01   0.8211E+00   0.1001E+02   0.8223E+00   0.2700E+03   0.2558E+01   0.0000E+00   0.3464E-04   0.3994E-02   0.4189E+00   0.1019E+02  
 0.7810E+04   0.4099E+01   0.8140E+00   0.1001E+02   0.8223E+00   0.2700E+03   0.2558E+01   0.0000E+00   0.3492E-04   0.4215E-02   0.4205E+00   0.1019E+02  
 0.8000E+04   0.4004E+01   0.8066E+00   0.1001E+02   0.8223E+00   0.2700E+03   0.2557E+01   0.0000E+00   0.3519E-04   0.4447E-02   0.4222E+00   0.1019E+02  
 0.8190E+04   0.3909E+01   0.7989E+00   0.1001E+02   0.8223E+00   0.2700E+03   0.2558E+01   0.0000E+00   0.3547E-04   0.4692E-02   0.4238E+00   0.1019E+02  
 0.8381E+04   0.3814E+01   0.7910E+00   0.1001E+02   0.8223E+00   0.2700E+03   0.2557E+01   0.0000E+00   0.3573E-04   0.4951E-02   0.4254E+00   0.1019E+02  
 0.8571E+04   0.3720E+01   0.7829E+00   0.1001E+02   0.8223E+00   0.2700E+03   0.2557E+01   0.0000E+00   0.3599E-04   0.5223E-02   0.4270E+00   0.1019E+02  
 0.8762E+04   0.3625E+01   0.7745E+00   0.1001E+02   0.8223E+00   0.2700E+03   0.2557E+01   0.0000E+00   0.3624E-04   0.5510E-02   0.4284E+00   0.1019E+02  
 0.8952E+04   0.3530E+01   0.7657E+00   0.1001E+02   0.8223E+00   0.2700E+03   0.2557E+01   0.0000E+00   0.3648E-04   0.5814E-02   0.4299E+00   0.1019E+02  
 0.9143E+04   0.3435E+01   0.7567E+00   0.1001E+02   0.8223E+00   0.2700E+03   0.2557E+01   0.0000E+00   0.3671E-04   0.6134E-02   0.4312E+00   0.1019E+02  
 0.9333E+04   0.3340E+01   0.7474E+00   0.1001E+02   0.8223E+00   0.2700E+03   0.2557E+01   0.0000E+00   0.3693E-04   0.6474E-02   0.4325E+00   0.1019E+02  
 0.9524E+04   0.3245E+01   0.7377E+00   0.1001E+02   0.8223E+00   0.2700E+03   0.2557E+01   0.0000E+00   0.3713E-04   0.6833E-02   0.4336E+00   0.1019E+02  
 0.9714E+04   0.3150E+01   0.7277E+00   0.1001E+02   0.8223E+00   0.2700E+03   0.2556E+01   0.0000E+00   0.3731E-04   0.7213E-02   0.4347E+00   0.1019E+02  
 0.9905E+04   0.3055E+01   0.7173E+00   0.1001E+02   0.8223E+00   0.2700E+03   0.2557E+01   0.0000E+00   0.3747E-04   0.7616E-02   0.4357E+00   0.1019E+02  
 0.1010E+05   0.2960E+01   0.7064E+00   0.1001E+02   0.8222E+00   0.2700E+03   0.2556E+01   0.0000E+00   0.3762E-04   0.8044E-02   0.4365E+00   0.1019E+02  
 0.1029E+05   0.2866E+01   0.6952E+00   0.1001E+02   0.8222E+00   0.2700E+03   0.2556E+01   0.0000E+00   0.3773E-04   0.8498E-02   0.4372E+00   0.1019E+02  
 0.1048E+05   0.2771E+01   0.6835E+00   0.1001E+02   0.8222E+00   0.2700E+03   0.2556E+01   0.0000E+00   0.3782E-04   0.8982E-02   0.4377E+00   0.1019E+02  
 0.1067E+05   0.2676E+01   0.6713E+00   0.1001E+02   0.8222E+00   0.2700E+03   0.2556E+01   0.0000E+00   0.3788E-04   0.9495E-02   0.4380E+00   0.1019E+02  
 0.1086E+05   0.2581E+01   0.6586E+00   0.1001E+02   0.8222E+00   0.2700E+03   0.2556E+01   0.0000E+00   0.3789E-04   0.1004E-01   0.4381E+00   0.1018E+02  
 0.1105E+05   0.2487E+01   0.6454E+00   0.1001E+02   0.8222E+00   0.2700E+03   0.2556E+01   0.0000E+00   0.3787E-04   0.1063E-01   0.4380E+00   0.1018E+02  
 0.1124E+05   0.2392E+01   0.6315E+00   0.1001E+02   0.8222E+00   0.2700E+03   0.2555E+01   0.0000E+00   0.3780E-04   0.1125E-01   0.4375E+00   0.1018E+02  
 0.1143E+05   0.2298E+01   0.6171E+00   0.1001E+02   0.8222E+00   0.2700E+03   0.2556E+01   0.0000E+00   0.3767E-04   0.1191E-01   0.4368E+00   0.1018E+02  
 0.1162E+05   0.2203E+01   0.6019E+00   0.1001E+02   0.8222E+00   0.2700E+03   0.2555E+01   0.0000E+00   0.3748E-04   0.1262E-01   0.4357E+00   0.1018E+02  
 0.1181E+05   0.2109E+01   0.5861E+00   0.1001E+02   0.8222E+00   0.2700E+03   0.2555E+01   0.0000E+00   0.3722E-04   0.1338E-01   0.4342E+00   0.1018E+02  
 0.1200E+05   0.2014E+01   0.5695E+00   0.1001E+02   0.8222E+00   0.2700E+03   0.2555E+01   0.0000E+00   0.3689E-04   0.1420E-01   0.4322E+00   0.1018E+02  
 0.1219E+05   0.1920E+01   0.5520E+00   0.1001E+02   0.8222E+00   0.2700E+03   0.2555E+01   0.0000E+00   0.3646E-04   0.1507E-01   0.4297E+00   0.1018E+02  
 0.1238E+05   0.1826E+01   0.5337E+00   0.1001E+02   0.8222E+00   0.2700E+03   0.2554E+01   0.0000E+00   0.3593E-04   0.1601E-01   0.4266E+00   0.1018E+02  
 0.1257E+05   0.1731E+01   0.5144E+00   0.1001E+02   0.8222E+00   0.2700E+03   0.2554E+01   0.0000E+00   0.3529E-04   0.1701E-01   0.4228E+00   0.1018E+02  
 0.1276E+05   0.1637E+01   0.4942E+00   0.1001E+02   0.8222E+00   0.2700E+03   0.2554E+01   0.0000E+00   0.3453E-04   0.1809E-01   0.4182E+00   0.1018E+02  
 0.1295E+05   0.1543E+01   0.4728E+00   0.1001E+02   0.8222E+00   0.2700E+03   0.2554E+01   0.0000E+00   0.3362E-04   0.1925E-01   0.4126E+00   0.1018E+02  
 0.1314E+05   0.1449E+01   0.4502E+00   0.1001E+02   0.8222E+00   0.2700E+03   0.2553E+01   0.0000E+00   0.3254E-04   0.2050E-01   0.4060E+00   0.1018E+02  
 0.1333E+05   0.1355E+01   0.4263E+00   0.1001E+02   0.8222E+00   0.2700E+03   0.2553E+01   0.0000E+00   0.3129E-04   0.2184E-01   0.3981E+00   0.1018E+02  
 0.1352E+05   0.1261E+01   0.4011E+00   0.1001E+02   0.8222E+00   0.2700E+03   0.2553E+01   0.0000E+00   0.2983E-04   0.2328E-01   0.3887E+00   0.1018E+02  
 0.1371E+05   0.1168E+01   0.3744E+00   0.1001E+02   0.8222E+00   0.2700E+03   0.2552E+01   0.0000E+00   0.2815E-04   0.2482E-01   0.3776E+00   0.1018E+02  
 0.1390E+05   0.1074E+01   0.3461E+00   0.1001E+02   0.8222E+00   0.2700E+03   0.2552E+01   0.0000E+00   0.2622E-04   0.2647E-01   0.3645E+00   0.1018E+02  
 0.1410E+05   0.9806E+00   0.3162E+00   0.1001E+02   0.8222E+00   0.2700E+03   0.2551E+01   0.0000E+00   0.2404E-04   0.2822E-01   0.3489E+00   0.1018E+02  
 0.1429E+05   0.8872E+00   0.2846E+00   0.1001E+02   0.8222E+00   0.2700E+03   0.2550E+01   0.0000E+00   0.2157E-04   0.3008E-01   0.3306E+00   0.1018E+02  
 0.1448E+05   0.7939E+00   0.2512E+00   0.1001E+02   0.8222E+00   0.2700E+03   0.2550E+01   0.0000E+00   0.1883E-04   0.3203E-01   0.3088E+00   0.1018E+02  
 0.1467E+05   0.7007E+00   0.2160E+00   0.1001E+02   0.8222E+00   0.2700E+03   0.2549E+01   0.0000E+00   0.1582E-04   0.3405E-01   0.2831E+00   0.1018E+02  
 0.1486E+05   0.6075E+00   0.1792E+00   0.1001E+02   0.8222E+00   0.2700E+03   0.2547E+01   0.0000E+00   0.1259E-04   0.3610E-01   0.2526E+00   0.1018E+02  
 0.1505E+05   0.5143E+00   0.1411E+00   0.1001E+02   0.8222E+00   0.2700E+03   0.2546E+01   0.0000E+00   0.9244E-05   0.3811E-01   0.2165E+00   0.1017E+02  
 0.1524E+05   0.4209E+00   0.1023E+00   0.1001E+02   0.8222E+00   0.2700E+03   0.2544E+01   0.0000E+00   0.5953E-05   0.3998E-01   0.1738E+00   0.1017E+02  
 0.1543E+05   0.3273E+00   0.6394E-01   0.1001E+02   0.8222E+00   0.2700E+03   0.2540E+01   0.0000E+00   0.2997E-05   0.4156E-01   0.1234E+00   0.1017E+02  
 0.1562E+05   0.2331E+00   0.2722E-01   0.1001E+02   0.8222E+00   0.2700E+03   0.2530E+01   0.0000E+00   0.7641E-06   0.4267E-01   0.6245E-01   0.1017E+02  
 0.1581E+05   0.1382E+00   0.1311E-01   0.1001E+02   0.8222E+00   0.2700E+03   0.2528E+01   0.0000E+00   0.2999E-06   0.4296E-01   0.3915E-01   0.1017E+02  
 0.1600E+05  -0.9900E+02  -0.9000E+01  -0.9000E+01  -0.9000E+01  -0.9990E+03  -0.9000E+01  -0.1000E+01  -0.9000E+01  -0.9000E+01  -0.1000E+02  -0.9000E+01  
